	Number	Career Game Number
0	1	627
1	2	628
2	3	629
3	4	630
4	5	631
5	6	632
6	7	633
7	8	634
8	9	635
9	10	636
10	11	637
11	12	638
12	13	639
13	14	640
14	15	641
15	16	642
16	17	643
17	18	644
18	19	645
19	20	646
20	21	647
21	22	648
22	23	649
23	24	650
24	25	651
25	26	652
26	27	653
27	28	654
28	29	655
29	30	656
30	31	657
31	32	658
32	33	659
33	34	660
34	35	661
35	36	662
36	37	663
37	38	664
38	39	665
39	40	666
40	41	667
41	42	668
42	43	669
43	44	670
44	45	671
45	46	672
46	47	673
47	48	674
48	49	675
49	50	676
50	51	677
51	52	678
52	53	679
53	54	680
54	55	681
55	56	682
56	57	683
57	58	684
58	59	685
59	60	686
60	61	687
61	62	688
62	63	689
63	64	690
64	65	691
65	66	692
66	67	693
67	68	694
68	69	695
69	70	696
70	71	697
71	72	698
72	73	699
73	74	700
74	75	701
75	76	702
76	77	703
77	78	704
78	79	705
79	80	706
80	81	707
81	82	708
82		
